791
772
777
706
703
643
365
211
793
654
838
606
212
278
38
488
575
210
906
619
621
223
614
225
439
609
785
986
272
885
488
901
180
293
950
711
545
310
729
770
448
2
896
285
989
869
48
244
617
814
526
932
641
892
671
581
575
426
451
468
222
97
624
836
204
736
434
889
544
514
496
440
842
949
506
798
778
826
350
380
840
646
354
916
27
980
996
323
37
188
678
834
67
996
141
354
667
370
416
203
262
179
389
618
245
259
95
917
615
721
428
172
528
342
371
558
966
202
610
917
173
708
918
783
746
916
756
474
773
230
132
691
335
189
677
978
211
489
427
686
753
6
909
489
29
931
763
839
471
780
477
577
107
876
87
376
528
123
697
728
982
280
930
395
728
267
52
302
153
962
58
628
244
189
126
525
219
48
336
675
577
133
145
97
635
619
558
176
496
711
47
392
298
557
71
63
573
67
542
793
556
586
729
108
11
402
163
110
366
105
493
757
505
48
922
67
513
147
589
813
87
922
491
366
405
48
53
708
977
751
870
215
143
870
179
185
898
841
584
199
811
291
735
706
290
555
523
970
721
960
915
296
921
297
2
695
403
558
979
518
8
85
33
300
397
314
660
513
94
710
649
52
396
450
913
894
265
968
385
882
935
726
409
240
216
216
630
549
985
898
674
153
648
15
507
308
92
464
337
613
643
52
841
193
70
216
111
453
601
588
984
712
919
330
973
127
563
356
411
982
913
288
672
520
730
466
896
932
702
294
45
780
924
481
85
106
421
444
341
602
279
923
804
918
477
616
554
354
212
206
743
605
592
861
728
48
580
330
155
702
593
184
572
480
278
919
257
956
254
639
696
697
599
209
384
482
270
538
564
508
191
973
332
390
530
780
118
492
914
555
498
320
88
929
539
494
948
835
736
618
283
879
75
64
708
922
777
759
948
719
552
419
777
644
143
581
948
522
606
665
615
729
335
501
254
61
444
857
59
658
272
47
337
199
130
137
250
66
139
177
396
400
505
144
598
455
636
895
392
954
5
35
784
744
735
505
281
545
669
830
374
326
683
185
861
996
913
800
566
213
266
116
346
867
523
794
633
217
462
774
36
504
646
22
65
211
437
112
916
376
530
137
682
508
134
307
681
721
557
274
548
670
82
444
99
508
418
115
606
224
107
528
570
145
94
461
836
184
31
182
91
855
917
61
258
824
765
522
139
771
305
547
679
995
958
422
913
685
275
80
626
254
333
928
303
337
879
989
392
329
407
648
722
577
660
872
771
734
243
752
901
485
817
119
860
742
283
20
913
669
49
188
345
273
577
394
800
490
311
777
271
892
66
329
340
338
930
563
449
913
918
755
477
875
994
529
6
749
85
500
200
197
664
116
54
227
91
586
663
170
530
430
693
331
996
124
679
55
836
709
391
463
352
861
837
818
959
198
305
466
680
921
936
739
317
620
374
537
438
524
810
389
466
456
39
227
64
791
422
707
132
496
497
899
294
220
499
437
452
810
899
418
375
39
239
51
811
303
820
927
687
525
756
766
997
26
369
920
676
630
797
187
344
56
300
272
139
651
361
137
13
896
637
65
367
898
447
591
750
586
189
409
10
15
576
657
926
185
158
526
530
627
760
578
300
691
540
427
181
703
301
881
647
909
902
379
932
622
86
6
930
129
412
203
571
520
180
331
881
177
18
817
479
643
411
989
906
195
404
737
238
786
578
417
333
476
32
588
106
864
966
529
716
159
174
752
526
3
715
463
859
518
226
701
711
867
426
110
160
804
976
268
187
938
347
510
187
459
703
336
365
491
925
390
727
961
295
902
718
956
880
89
383
115
290
398
213
846
666
684
153
820
477
841
168
473
286
411
838
4
848
898
496
763
53
617
623
267
929
887
673
383
729
62
737
852
621
512
622
144
77
744
89
381
175
108
689
325
262
525
729
51
590
168
656
396
324
357
161
752
707
897
41
177
961
242
853
983
8
726
998
797
848
424
709
627
681
465
353
457
527
239
176
893
598
44
193
522
485
30
87
789
399
670
50
204
468
504
344
742
782
526
281
761
559
72
184
420
680
212
893
721
604
78
295
774
284
4
543
481
219
161
496
302
233
388
298
510
781
708
781
661
84
778
843
272
398
443
198
978
279
264
529
386
459
132
851
898
179
18
21
158
876
801
605
694
966
709
595
266
546
834
105
810
581
919
847
607
914
805
780
729
443
339
113
918
431
760
807
180
567
539
377
963
51
2
356
194
778
454
570
148
358
967
758
79
230
593
762
937
829
651
685
6
511
576
176
627
28
851
855
297
69
300
365
142
92
105
192
309
168
379
211
336
333
95
434
992
490
20
88
754
452
304
53
965
96
930
595
259
542
891
816
996
1
287
382
538
515
721
301
533
197
296
106
939
987
220
584
618
286
860
533
278
499
504
320
818
898
526
862
812
833
308
972
890
630
553
639
35
339
479
231
44
964
344
554
927
844
589
373
761
69
821
349
81
695
240
123
400
416
201
677
297
625
833
970
919
617
717
878
293
578
110
891
294
673
145
856
906
4
107
227
441
220
171
875
863
658
484
849
124
286
469
796
775
802
398
531
830
181
473
677
29
51
467
292
312
866
862
712
39
551
700
464
301
663
106
484
517
162
542
606
898
881
95
142
232
976
744
629
204
215
448
417
829
354
897
254
350
952
794
262
810
753
44
288
474
169
261
788
861
857
133
838
501
221
563
641
378
591
154
290
29
530
829
965
107
507
532
446
548
90
827
350
999
510
397
677
612
710
434
654
725
893
122
62
802
37
613
494
447
59
368
393
876
235
982
535
50
994
825
623
293
946
571
555
730
707
414
837
614
315
739
912
768
352
419
657
260
629
328
948
517
137
159
963
167
413
781
857
358
187
827
965
950
508
791
858
440
290
872
995
45
268
742
140
874
416
811
723
736
746
586
494
719
867
83
894
551
117
648
768
163
330
55
317
226
845
747
719
619
16
729
412
132
812
613
335
287
399
543
529
882
256
110
799
778
582
414
277
331
662
281
984
309
979
168
761
966
680
651
494
369
921
517
570
401
496
909
309
852
683
914
950
374
730
127
604
984
246
39
204
173
109
405
117
593
707
586
159
174
554
747
674
301
458
55
915
53
75
434
721
699
239
417
334
655
525
803
57
14
896
279
80
89
766
384
290
826
540
34
963
926
927
23
889
563
653
683
435
527
706
424
497
154
270
207
950
650
532
340
2
665
734
388
100
901
396
846
293
803
387
371
47
993
274
267
301
847
695
933
604
793
288
707
111
268
46
464
784
42
908
791
834
428
381
273
708
363
803
771
680
506
492
777
177
580
479
867
362
110
781
947
180
240
266
535
616
333
138
17
2
468
992
480
958
563
354
771
996
79
840
346
415
739
155
209
724
250
459
362
910
162
625
694
54
303
763
503
407
321
910
165
864
444
797
907
922
378
119
733
137
23
239
529
464
464
261
687
485
672
490
38
315
385
872
932
846
859
880
33
98
301
357
753
356
685
982
548
858
821
738
492
982
301
827
482
269
822
68
502
935
18
175
801
687
70
943
496
617
888
28
344
355
539
253
624
772
980
808
79
786
929
893
139
416
181
33
555
835
546
981
370
342
659
302
624
68
421
424
159
74
842
724
231
31
361
289
214
571
637
110
328
517
232
46
238
337
196
180
6
990
167
61
151
670
280
989
216
38
482
665
108
677
228
716
395
314
914
877
400
78
892
477
170
760
784
623
298
639
318
256
104
250
993
622
402
635
989
933
139
667
945
612
931
815
899
735
976
279
634
541
481
999
652
225
99
79
972
150
490
685
975
939
86
386
508
230
903
146
493
445
982
509
663
391
945
467
314
713
123
948
157
669
550
4
737
685
269
926
416
301
203
264
506
974
74
316
76
367
481
766
461
222
269
609
390
125
66
69
102
679
342
795
855
969
810
953
105
293
150
640
896
194
360
690
388
344
161
154
477
319
476
988
169
375
659
955
460
721
856
553
299
229
662
177
189
469
929
0
326
935
128
186
473
656
277
849
193
795
23
1
284
560
541
286
924
786
950
823
700
681
361
12
828
270
630
209
145
813
696
247
404
492
720
192
933
842
823
33
148
491
359
428
123
824
559
506
315
11
177
336
506
512
985
889
662
582
644
745
665
141
707
201
385
546
794
206
674
966
817
956
362
517
687
752
192
618
494
44
106
991
591
859
810
41
339
556
37
59
483
323
168
521
892
306
463
797
690
312
19
423
736
928
366
492
770
714
950
657
879
526
140
417
854
12
977
170
547
9
476
278
46
700
642
782
249
175
370
760
468
17
860
145
63
304
845
509
123
180
361
387
469
350
950
790
912
407
633
814
702
357
688
78
299
576
75
654
350
179
24
304
884
630
609
295
891
984
739
956
384
18
966
371
133
543
372
370
522
711
152
217
703
315
805
324
596
379
40
558
406
154
906
456
958
835
894
431
110
549
604
236
987
994
199
644
370
5
161
816
513
602
121
823
435
551
606
799
982
600
195
994
5
465
495
997
453
996
384
116
559
490
219
265
305
310
602
644
713
909
378
372
207
706
464
276
565
446
440
944
334
356
666
334
216
419
473
82
471
844
297
650
511
323
509
456
966
811
218
630
644
234
11
739
721
420
313
444
497
587
311
710
190
627
152
223
306
508
453
188
894
417
399
493
372
853
781
589
758
365
475
94
162
520
719
305
827
547
825
403
596
682
126
851
955
777
913
503
127
240
375
550
784
429
29
673
658
723
504
227
477
384
73
960
260
940
819
841
40
517
930
853
153
375
410
803
137
161
81
148
116
148
410
517
903
212
503
666
988
953
402
95
415
455
592
527
545
289
795
320
814
420
554
494
37
551
823
243
843
665
604
672
68
795
195
45
264
484
129
964
262
931
566
276
328
111
108
393
466
411
938
897
528
685
652
186
27
61
904
862
727
563
815
664
420
793
29
513
679
911
16
635
549
518
113
967
43
132
234
577
909
190
517
665
769
108
180
957
887
645
754
313
832
724
868
617
247
634
646
981
864
587
198
755
508
885
335
883
478
154
813
571
477
455
591
219
7
628
70
259
70
700
808
536
241
191
329
701
642
235
480
414
551
338
673
72
119
596
860
797
956
572
337
539
887
616
781
348
364
115
838
424
155
461
496
254
872
938
809
258
696
423
791
696
616
16
396
767
411
15
251
968
992
528
130
605
62
928
795
423
381
187
961
552
331
388
931
448
583
519
456
762
45
955
768
262
399
387
779
626
676
995
912
593
367
944
140
422
39
8
613
841
582
105
361
711
905
389
848
345
915
435
555
731
598
529
479
581
799
397
802
22
444
795
953
611
917
521
851
288
517
694
726
941
619
288
948
162
153
525
265
741
496
450
156
992
414
815
568
544
158
883
381
599
658
804
368
883
486
334
508
608
516
213
627
272
280
958
333
355
144
31
99
842
298
967
401
484
658
640
38
948
670
713
297
874
423
248
57
613
654
781
105
618
905
977
407
558
833
53
656
199
121
175
697
721
285
256
996
541
221
137
189
756
476
531
136
137
193
541
274
548
401
424
48
786
991
703
127
898
362
330
113
691
641
954
73
777
965
951
739
934
547
588
531
989
693
12
280
809
659
374
973
76
475
908
164
372
323
146
607
208
551
217
957
625
379
691
172
219
502
73
305
867
297
863
714
986
227
241
716
23
178
96
710
450
528
53
201
493
792
166
506
117
163
126
422
622
284
942
273
782
268
713
26
975
506
974
927
112
203
542
896
541
265
837
147
554
660
254
812
215
370
351
646
637
268
356
778
175
806
655
578
412
602
957
179
512
123
219
957
186
801
23
609
448
861
220
742
447
730
421
239
103
950
786
276
587
452
696
484
766
480
931
644
713
14
471
774
817
911
924
881
133
56
744
113
341
481
214
763
806
136
452
976
90
71
266
523
316
136
190
288
961
107
685
786
954
698
908
401
342
618
348
367
932
798
724
478
934
209
528
616
194
296
720
881
202
922
659
421
243
637
82
82
506
229
969
945
594
443
696
863
75
753
896
786
380
118
448
178
361
562
503
462
120
199
684
272
157
578
714
902
629
157
335
582
927
866
492
957
438
94
454
332
332
903
738
111
985
627
40
955
513
319
174
300
979
177
862
768
213
107
714
716
293
645
331
585
554
813
440
394
418
453
508
244
373
681
200
618
358
491
400
580
385
877
850
268
488
274
632
814
359
322
583
9
320
225
728
285
273
754
563
811
241
213
500
3
498
26
798
262
407
592
547
178
639
847
318
691
650
846
991
252
832
690
133
962
769
548
971
176
887
630
497
508
615
450
331
782
615
598
38
920
137
832
334
863
973
25
286
725
158
457
439
575
835
544
465
138
853
556
551
61
495
116
700
755
801
256
380
479
48
194
694
948
8
261
125
585
793
704
30
845
327
7
683
636
483
743
158
718
991
324
858
648
423
65
346
522
683
938
405
780
57
937
201
421
791
996
324
874
446
647
570
0
282
156
313
326
358
507
264
377
276
263
838
149
522
704
815
629
408
6
184
424
838
272
812
416
339
913
223
152
512
19
943
897
506
627
931
905
926
129
92
65
0
355
712
217
140
149
677
458
773
366
618
351
755
786
817
489
903
880
921
54
554
423
112
253
348
106
22
225
521
261
548
648
462
546
220
294
577
381
754
363
597
312
95
341
404
892
414
955
608
957
695
256
274
136
218
176
596
123
574
435
594
841
167
458
786
961
493
786
684
307
361
364
253
478
843
767
926
576
694
91
881
651
437
155
179
520
631
214
653
484
430
929
117
435
686
245
553
149
352
104
659
683
518
539
704
70
73
23
835
773
278
597
447
736
951
673
249
566
773
242
491
919
699
137
373
79
727
427
255
80
873
180
497
138
702
922
67
930
590
947
696
740
537
148
997
654
616
56
232
251
256
961
147
449
353
253
728
16
373
56
567
79
196
210
66
108
556
229
849
471
782
502
89
363
827
45
408
771
318
434
412
870
82
526
289
510
660
107
305
706
324
193
333
613
29
47
658
987
316
738
63
281
821
748
699
926
648
188
819
873
275
605
529
696
417
142
496
138
680
918
236
426
888
874
70
776
615
45
749
438
914
331
961
868
798
729
584
984
941
964
555
501
604
596
467
559
872
253
93
385
240
595
357
915
374
847
646
699
584
154
887
606
555
244
994
971
535
810
814
125
901
170
724
308
964
20
574
646
307
526
747
622
106
276
696
361
265
195
312
122
74
937
12
801
250
34
934
900
194
409
743
882
916
433
785
296
753
511
382
26
447
143
439
727
200
415
593
393
21
195
265
416
929
822
864
491
971
761
554
898
996
484
9
66
742
911
262
558
325
843
143
998
711
985
564
79
966
582
668
815
199
3
668
427
819
5
399
990
211
877
482
480
792
389
406
666
152
949
184
17
117
530
949
863
567
619
687
809
970
95
365
221
730
406
150
989
698
746
997
481
45
217
969
564
148
802
76
517
341
786
443
135
332
466
300
815
636
983
667
979
854
901
808
82
98
689
354
859
460
673
215
229
29
682
411
392
522
783
853
183
938
224
290
915
344
398
385
261
832
225
973
111
319
229
65
567
268
39
373
673
906
255
679
864
287
796
853
73
71
118
647
853
529
628
570
521
419
674
862
307
858
31
592
434
977
553
780
794
986
421
939
667
155
855
530
22
560
306
59
507
439
476
92
314
200
193
566
604
826
483
712
565
907
715
17
648
520
326
733
702
418
103
439
373
602
253
468
746
147
369
864
571
165
414
642
130
714
13
698
537
897
931
179
951
544
650
716
749
951
137
80
568
800
832
285
779
130
285
234
448
812
180
41
802
606
79
60
842
932
345
780
541
60
344
244
86
614
399
604
861
947
53
97
579
902
78
626
113
776
3
582
437
232
376
201
239
191
418
221
534
704
868
765
346
718
805
429
118
921
999
429
700
632
862
309
860
634
914
946
147
40
419
213
836
809
993
157
805
1
254
619
369
60
368
772
181
565
382
140
889
283
893
916
822
370
256
950
262
503
35
600
68
245
954
548
945
686
787
24
736
811
628
57
679
332
642
698
994
795
431
979
253
954
15
933
318
29
447
225
85
162
883
464
874
605
763
933
529
944
465
671
787
864
841
755
948
994
781
542
165
476
340
711
782
537
759
843
594
964
24
603
86
814
783
55
975
34
938
166
839
293
743
429
308
923
354
757
125
916
790
778
882
454
650
93
975
956
217
403
884
68
461
550
300
647
842
57
736
857
827
385
32
72
91
687
685
721
721
987
590
21
521
546
469
291
371
399
220
944
11
136
914
241
892
255
916
945
625
969
577
429
226
44
263
85
407
745
940
22
868
608
506
10
417
331
433
288
813
123
898
96
319
903
238
279
512
843
849
56
880
388
135
596
339
841
417
224
96
606
763
325
110
34
13
733
747
665
4
521
123
716
828
40
993
891
781
833
373
868
71
97
570
773
860
600
907
326
624
102
425
682
463
299
683
588
971
332
883
159
88
322
985
501
735
468
206
913
651
732
463
424
811
623
612
369
732
406
324
334
475
290
759
82
60
149
840
522
26
843
900
321
187
782
923
636
126
153
362
476
612
188
691
1
169
631
618
611
781
306
4
220
139
993
598
754
526
597
815
576
443
44
971
756
207
683
221
587
709
138
81
937
612
549
987
77
883
3
991
520
994
992
486
638
359
253
785
141
937
735
534
3
404
485
36
924
585
163
340
16
521
603
374
947
599
291
429
214
815
273
440
156
575
507
142
327
640
540
173
952
416
561
183
781
176
153
378
564
477
410
707
6
182
681
262
743
520
17
12
962
705
661
729
185
295
424
576
466
612
697
454
422
289
133
472
891
740
917
946
809
143
78
950
569
918
702
860
152
853
180
204
140
980
721
549
334
248
251
433
157
294
89
39
635
967
832
460
889
891
667
704
70
347
193
801
204
479
401
798
851
296
272
505
919
156
387
337
773
876
248
83
627
875
814
573
525
565
126
424
19
905
881
839
208
5
40
256
101
237
75
933
156
775
89
79
945
862
854
153
266
872
643
316
288
294
655
844
445
496
434
238
261
867
122
4
826
609
999
647
967
755
346
392
246
604
299
987
373
453
974
616
442
944
847
183
448
148
437
751
618
269
322
500
340
20
187
115
665
730
114
802
558
437
185
729
981
724
545
655
934
733
976
739
521
209
17
328
999
696
5
307
606
894
968
812
314
137
967
719
784
6
397
102
262
287
108
5
391
988
968
841
106
435
207
926
874
989
77
363
465
22
276
172
957
392
321
108
356
93
306
333
532
71
619
806
843
215
183
399
213
678
332
476
244
42
151
516
930
704
31
653
249
579
118
277
68
439
585
359
535
517
800
401
784
643
249
518
57
518
959
492
117
863
328
708
584
783
61
850
132
112
922
32
909
714
21
691
78
687
35
281
949
812
14
462
265
124
763
738
92
906
855
976
155
554
10
533
858
965
916
467
612
816
11
882
849
176
79
106
288
652
764
7
875
622
47
705
10
359
564
494
808
526
68
679
58
181
468
916
70
721
408
236
200
820
486
430
279
472
511
789
142
89
217
451
390
304
519
965
984
336
466
303
801
711
696
780
959
515
811
147
536
446
493
617
617
367
575
280
660
742
553
937
195
644
947
835
872
317
314
759
359
723
775
783
99
480
273
283
469
543
923
48
900
816
560
94
430
878
474
708
700
487
898
898
243
408
713
658
287
921
333
283
946
76
520
676
794
366
386
626
665
407
983
54
598
276
332
910
176
990
98
422
131
862
324
203
843
440
949
68
341
313
243
221
774
287
353
569
250
107
424
707
134
149
68
905
594
157
333
102
198
929
116
962
213
424
406
417
935
217
821
149
16
657
465
984
686
111
941
306
416
838
286
595
97
535
455
53
380
791
439
353
466
532
804
341
790
552
289
439
802
208
715
897
26
91
337
113
30
586
209
955
486
561
920
893
14
327
1
487
248
679
471
685
880
171
70
546
131
210
963
922
9
79
955
708
9
454
521
587
963
410
602
144
25
936
842
62
431
282
353
921
250
1
152
19
37
506
821
877
190
387
303
606
95
107
907
907
232
323
636
523
249
981
545
606
661
303
577
530
267
252
162
593
414
408
942
642
572
149
278
570
732
982
433
711
952
256
293
841
842
616
431
373
675
797
645
215
719
419
152
52
620
409
255
938
129
992
942
716
754
264
446
53
930
24
573
784
594
234
782
370
125
321
188
805
910
591
720
113
17
264
107
89
782
821
925
520
781
125
371
158
707
262
230
98
690
812
776
774
502
812
210
514
108
424
313
438
29
519
520
207
536
136
542
797
726
851
472
327
31
236
9
163
50
493
261
14
833
263
573
556
603
700
13
141
67
284
322
204
485
441
335
517
25
897
694
611
80
25
571
187
467
625
676
496
948
727
53
660
164
123
105
575
515
805
690
223
438
126
377
381
634
433
697
88
526
663
718
96
287
489
419
200
118
230
265
729
36
698
931
112
37
687
846
291
370
810
735
485
624
516
756
483
927
683
516
498
261
53
650
511
960
409
885
67
882
906
219
185
758
912
651
782
882
132
74
147
509
144
54
210
975
82
966
779
440
803
586
57
16
911
167
166
358
419
490
471
116
158
750
597
232
630
257
722
45
201
913
349
143
556
379
89
726
610
460
72
178
213
472
15
189
266
576
487
470
324
1
376
897
64
319
1
51
472
217
328
412
311
301
746
309
80
540
48
41
819
632
455
712
900
482
338
150
241
17
822
755
897
245
786
83
876
145
921
206
242
678
805
345
604
492
833
915
969
827
882
260
430
712
276
839
70
68
381
449
857
430
904
250
748
241
233
768
445
928
512
466
864
949
395
882
835
337
364
652
123
45
44
835
169
416
722
795
277
193
773
393
597
380
153
686
898
106
505
706
639
304
458
830
942
858
248
882
137
232
976
188
498
190
296
642
176
954
86
151
582
847
372
169
346
518
885
564
175
20
327
247
167
214
237
843
600
336
935
556
225
614
968
521
706
346
588
461
390
924
180
256
654
632
911
239
498
384
175
999
718
322
110
650
208
301
963
688
74
773
308
254
344
462
361
364
479
141
75
648
839
321
727
481
831
968
419
782
612
199
756
116
205
266
305
30
750
521
776
735
639
403
123
491
81
596
543
763
748
306
489
863
64
550
780
478
254
853
491
842
945
990
327
806
119
246
54
569
566
839
290
860
293
359
369
719
440
740
949
274
983
686
418
455
36
261
887
485
431
577
715
102
951
881
366
610
263
99
857
877
115
426
442
292
174
461
752
45
82
83
40
660
618
221
42
